4x4
[2.3, 2.4, 2.1, 3.0]
[2.1, 6.5, 2.4, 3.0]
[2.1, 3.3, 3.2, 3.0]
[3.2, 2.33, 2.1, 3.0]
4x1
[5.22]
[4.9]
[3.5]
[-2.1]
petla po wierszach
wspolczynnik diagonalny = [2.3 ]
wspolczynnik mnozenia = [ 2.1 ]
wspolczynnik mnozenia = [ 2.1 ]
wspolczynnik mnozenia = [ 3.2 ]
wiersz nr [0 ]
4x4
[1.0, 1.0434784, 0.91304344, 1.3043479]
[0.0, 4.308696, 0.4826089, 0.2608695]
[0.0, 1.1086955, 1.2826089, 0.2608695]
[0.0, -1.009131, -0.8217392, -1.1739135]
4x1
[2.269565]
[0.13391352]
[-1.2660866]
[-9.362608]
wspolczynnik diagonalny = [4.308696 ]
wspolczynnik mnozenia = [ 1.1086955 ]
wspolczynnik mnozenia = [ -1.009131 ]
wiersz nr [1 ]
4x4
[1.0, 1.0434784, 0.91304344, 1.3043479]
[0.0, 1.0, 0.11200812, 0.06054489]
[0.0, 0.0, 1.1584259, 0.19374365]
[0.0, 0.0, -0.70870835, -1.1128157]
4x1
[2.269565]
[0.031079827]
[-1.3005446]
[-9.331244]
wspolczynnik diagonalny = [1.1584259 ]
wspolczynnik mnozenia = [ -0.70870835 ]
wiersz nr [2 ]
4x4
[1.0, 1.0434784, 0.91304344, 1.3043479]
[0.0, 1.0, 0.11200812, 0.06054489]
[0.0, 0.0, 1.0, 0.16724733]
[0.0, 0.0, 0.0, -0.9942862]
4x1
[2.269565]
[0.031079827]
[-1.1226826]
[-10.126899]
wspolczynnik diagonalny = [-0.9942862 ]
wiersz nr [3 ]
4x4
[1.0, 1.0434784, 0.91304344, 1.3043479]
[0.0, 1.0, 0.11200812, 0.06054489]
[0.0, 0.0, 1.0, 0.16724733]
[-0.0, -0.0, -0.0, 1.0]
4x1
[2.269565]
[0.031079827]
[-1.1226826]
[10.185095]
po 1 ********************
4x4
[1.0, 1.0434784, 0.91304344, 1.3043479]
[0.0, 1.0, 0.11200812, 0.06054489]
[0.0, 0.0, 1.0, 0.16724733]
[-0.0, -0.0, -0.0, 1.0]
4x1
[2.269565]
[0.031079827]
[-1.1226826]
[10.185095]
3 -1.1226826 0.16724733
3 0.031079827 0.06054489
2 -0.58557564 0.11200812
3 2.269565 1.3043479
2 -11.015341 0.91304344
1 -8.434978 1.0434784
4x1
[-8.154252]
[-0.26902813]
[-2.8261123]
[10.185095]
